Meas. Voltage (V)	Meas. Current (A)	11/7/2022 10:22:23 AM
2.654554E-4	2.010000E-4
2.611528E-4	2.000000E-4
2.521623E-4	1.990000E-4
2.543144E-4	1.980000E-4
2.545449E-4	1.970000E-4
2.493980E-4	1.960000E-4
2.455559E-4	1.950000E-4
2.403298E-4	1.940000E-4
2.406377E-4	1.930000E-4
2.480923E-4	1.920000E-4
2.347985E-4	1.910000E-4
2.376407E-4	1.900000E-4
2.351832E-4	1.890000E-4
2.341074E-4	1.880000E-4
2.281148E-4	1.870000E-4
2.291137E-4	1.860000E-4
2.247329E-4	1.850000E-4
2.292662E-4	1.840000E-4
2.220441E-4	1.830000E-4
2.205066E-4	1.820000E-4
2.211987E-4	1.810000E-4
2.085968E-4	1.800000E-4
2.184333E-4	1.790000E-4
2.188174E-4	1.780000E-4
2.106720E-4	1.770000E-4
2.145911E-4	1.760000E-4
2.119787E-4	1.750000E-4
2.119018E-4	1.740000E-4
2.062935E-4	1.730000E-4
2.011458E-4	1.720000E-4
1.966890E-4	1.710000E-4
1.965351E-4	1.700000E-4
2.011451E-4	1.690000E-4
1.926178E-4	1.680000E-4
1.957667E-4	1.670000E-4
1.973808E-4	1.660000E-4
1.968426E-4	1.650000E-4
1.972262E-4	1.640000E-4
1.860095E-4	1.630000E-4
1.832437E-4	1.620000E-4
1.853172E-4	1.610000E-4
1.798624E-4	1.600000E-4
1.789410E-4	1.590000E-4
1.754832E-4	1.580000E-4
1.764045E-4	1.570000E-4
1.676456E-4	1.560000E-4
1.705647E-4	1.550000E-4
1.654175E-4	1.540000E-4
1.717954E-4	1.530000E-4
1.653413E-4	1.520000E-4
1.657248E-4	1.510000E-4
1.580419E-4	1.500000E-4
1.629597E-4	1.490000E-4
1.605011E-4	1.480000E-4
1.551983E-4	1.470000E-4
1.572736E-4	1.460000E-4
1.456709E-4	1.450000E-4
1.471318E-4	1.440000E-4
1.478229E-4	1.430000E-4
1.531250E-4	1.420000E-4
1.435973E-4	1.410000E-4
1.539698E-4	1.400000E-4
1.425217E-4	1.390000E-4
1.417536E-4	1.380000E-4
1.370655E-4	1.370000E-4
1.345303E-4	1.360000E-4
1.432121E-4	1.350000E-4
1.321492E-4	1.340000E-4
1.342231E-4	1.330000E-4
1.329940E-4	1.320000E-4
1.255408E-4	1.310000E-4
1.242352E-4	1.300000E-4
1.213147E-4	1.290000E-4
1.180109E-4	1.280000E-4
1.241576E-4	1.270000E-4
1.180113E-4	1.260000E-4
1.124794E-4	1.250000E-4
1.128637E-4	1.240000E-4
1.159366E-4	1.230000E-4
1.124027E-4	1.220000E-4
1.094830E-4	1.210000E-4
1.115577E-4	1.200000E-4
1.036433E-4	1.190000E-4
9.603665E-5	1.180000E-4
1.036444E-4	1.170000E-4
9.511522E-5	1.160000E-4
9.619084E-5	1.150000E-4
9.488431E-5	1.140000E-4
9.788109E-5	1.130000E-4
8.827689E-5	1.120000E-4
9.027451E-5	1.110000E-4
9.211868E-5	1.100000E-4
8.597208E-5	1.090000E-4
8.351353E-5	1.080000E-4
8.113147E-5	1.070000E-4
7.767375E-5	1.060000E-4
6.783887E-5	1.050000E-4
7.314057E-5	1.040000E-4
6.976022E-5	1.030000E-4
6.146159E-5	1.020000E-4
8.366706E-5	1.010000E-4
7.529197E-5	1.000000E-4
6.499648E-5	9.900000E-5
7.267983E-5	9.800000E-5
6.269190E-5	9.700000E-5
6.261453E-5	9.600000E-5
5.132060E-5	9.500000E-5
6.430550E-5	9.400000E-5
5.024390E-5	9.300000E-5
6.184660E-5	9.200000E-5
4.402106E-5	9.100000E-5
3.295662E-5	9.000000E-5
5.270427E-5	8.900000E-5
3.280339E-5	8.800000E-5
4.463549E-5	8.700000E-5
4.901602E-5	8.600000E-5
4.017945E-5	8.500000E-5
4.463619E-5	8.400000E-5
2.995994E-5	8.300000E-5
4.156286E-5	8.200000E-5
4.363636E-5	8.100000E-5
2.734776E-5	8.000000E-5
3.326445E-5	7.900000E-5
2.427503E-5	7.800000E-5
2.511961E-5	7.700000E-5
3.180421E-5	7.600000E-5
2.204656E-5	7.500000E-5
1.497789E-5	7.400000E-5
3.088218E-5	7.300000E-5
1.735937E-5	7.200000E-5
1.758986E-5	7.100000E-5
2.097145E-5	7.000000E-5
-4.723552E-9	6.900000E-5
1.405611E-5	6.800000E-5
1.144351E-5	6.700000E-5
3.222631E-6	6.600000E-5
1.113605E-5	6.500000E-5
-2.847706E-6	6.400000E-5
1.071200E-6	6.300000E-5
-1.617572E-6	6.200000E-5
-5.306381E-6	6.100000E-5
-8.532617E-6	6.000000E-5
-1.080208E-6	5.900000E-5
-6.842574E-6	5.800000E-5
-4.460934E-6	5.700000E-5
-1.806024E-5	5.600000E-5
-1.521697E-5	5.500000E-5
-1.421919E-5	5.400000E-5
-2.051903E-5	5.300000E-5
-2.113390E-5	5.200000E-5
-1.844476E-5	5.100000E-5
-2.274722E-5	5.000000E-5
-3.058455E-5	4.900000E-5
-3.596252E-5	4.800000E-5
-2.858692E-5	4.700000E-5
-3.150643E-5	4.600000E-5
-4.718037E-5	4.500000E-5
-3.819100E-5	4.400000E-5
-5.463357E-5	4.300000E-5
-4.956240E-5	4.200000E-5
-3.942041E-5	4.100000E-5
-5.640058E-5	4.000000E-5
-5.809098E-5	3.900000E-5
-6.508279E-5	3.800000E-5
-6.592769E-5	3.700000E-5
-7.245882E-5	3.600000E-5
-6.508268E-5	3.500000E-5
-6.877082E-5	3.400000E-5
-8.421413E-5	3.300000E-5
-8.844013E-5	3.200000E-5
-8.190907E-5	3.100000E-5
-1.061118E-4	3.000000E-5
-1.058813E-4	2.900000E-5
-1.088011E-4	2.800000E-5
-9.865905E-5	2.700000E-5
-1.127964E-4	2.600000E-5
-1.121049E-4	2.500000E-5
-1.014249E-4	2.400000E-5
-1.153319E-4	2.300000E-5
-1.248594E-4	2.200000E-5
-1.167151E-4	2.100000E-5
-1.157161E-4	2.000000E-5
-1.054971E-4	1.900000E-5
-1.145636E-4	1.800000E-5
-1.175601E-4	1.700000E-5
-1.110293E-4	1.600000E-5
-1.141794E-4	1.500000E-5
-1.197883E-4	1.400000E-5
-1.054973E-4	1.300000E-5
-1.164845E-4	1.200000E-5
-1.094157E-4	1.100000E-5
-1.280866E-4	1.000000E-5
-1.122586E-4	9.000000E-6
-1.225544E-4	8.000000E-6
-1.222471E-4	7.000000E-6
-1.116440E-4	6.000000E-6
-1.317746E-4	5.000000E-6
-1.133344E-4	4.000000E-6
-1.094925E-4	3.000000E-6
-1.256277E-4	2.000000E-6
-1.151016E-4	1.000000E-6
-1.097229E-4	0.000000E+0
-1.154857E-4	0.000000E+0
-1.121818E-4	-1.000000E-6
-1.145636E-4	-2.000000E-6
-1.180212E-4	-3.000000E-6
-1.190200E-4	-4.000000E-6
-1.147940E-4	-5.000000E-6
-1.117207E-4	-6.000000E-6
-1.174833E-4	-7.000000E-6
-1.262424E-4	-8.000000E-6
-1.130269E-4	-9.000000E-6
-1.021165E-4	-1.000000E-5
-1.169455E-4	-1.100000E-5
-1.199420E-4	-1.200000E-5
-1.179445E-4	-1.300000E-5
-1.190199E-4	-1.400000E-5
-1.270877E-4	-1.500000E-5
-1.187127E-4	-1.600000E-5
-1.177907E-4	-1.700000E-5
-1.135647E-4	-1.800000E-5
-1.131038E-4	-1.900000E-5
-1.169455E-4	-2.000000E-5
-1.262424E-4	-2.100000E-5
-1.206336E-4	-2.200000E-5
-1.257046E-4	-2.300000E-5
-1.178676E-4	-2.400000E-5
-1.180981E-4	-2.500000E-5
-1.188664E-4	-2.600000E-5
-1.227849E-4	-2.700000E-5
-1.349250E-4	-2.800000E-5
-1.374605E-4	-2.900000E-5
-1.318514E-4	-3.000000E-5
-1.356164E-4	-3.100000E-5
-1.590512E-4	-3.200000E-5
-1.465271E-4	-3.300000E-5
-1.694239E-4	-3.400000E-5
-1.555938E-4	-3.500000E-5
-1.608185E-4	-3.600000E-5
-1.714988E-4	-3.700000E-5
-1.721905E-4	-3.800000E-5
-1.791820E-4	-3.900000E-5
-1.788750E-4	-4.000000E-5
-1.787982E-4	-4.100000E-5
-1.919373E-4	-4.200000E-5
-1.967014E-4	-4.300000E-5
-1.913225E-4	-4.400000E-5
-1.885566E-4	-4.500000E-5
-2.083802E-4	-4.600000E-5
-2.030016E-4	-4.700000E-5
-1.986991E-4	-4.800000E-5
-1.945499E-4	-4.900000E-5
-2.121452E-4	-5.000000E-5
-2.113766E-4	-5.100000E-5
-2.106081E-4	-5.200000E-5
-2.150645E-4	-5.300000E-5
-2.161406E-4	-5.400000E-5
-2.185225E-4	-5.500000E-5
-2.176773E-4	-5.600000E-5
-2.226717E-4	-5.700000E-5
-2.232097E-4	-5.800000E-5
-2.193678E-4	-5.900000E-5
-2.287420E-4	-6.000000E-5
-2.277426E-4	-6.100000E-5
-2.257448E-4	-6.200000E-5
-2.323526E-4	-6.300000E-5
-2.479508E-4	-6.400000E-5
-2.431102E-4	-6.500000E-5
-2.332749E-4	-6.600000E-5
-2.471819E-4	-6.700000E-5
-2.495639E-4	-6.800000E-5
-2.487958E-4	-6.900000E-5
-2.429557E-4	-7.000000E-5
-2.476429E-4	-7.100000E-5
-2.506393E-4	-7.200000E-5
-2.366550E-4	-7.300000E-5
-2.517916E-4	-7.400000E-5
-2.487953E-4	-7.500000E-5
-2.710777E-4	-7.600000E-5
-2.524068E-4	-7.700000E-5
-2.532518E-4	-7.800000E-5
-2.633940E-4	-7.900000E-5
-2.541734E-4	-8.000000E-5
-2.647774E-4	-8.100000E-5
-2.613200E-4	-8.200000E-5
-2.698486E-4	-8.300000E-5
-2.704636E-4	-8.400000E-5
-2.780698E-4	-8.500000E-5
-2.683116E-4	-8.600000E-5
-2.759949E-4	-8.700000E-5
-2.855997E-4	-8.800000E-5
-2.739975E-4	-8.900000E-5
-2.783775E-4	-9.000000E-5
-2.799137E-4	-9.100000E-5
-2.829101E-4	-9.200000E-5
-2.837551E-4	-9.300000E-5
-2.911317E-4	-9.400000E-5
-2.977395E-4	-9.500000E-5
-2.871364E-4	-9.600000E-5
-2.948971E-4	-9.700000E-5
-2.963570E-4	-9.800000E-5
-3.041168E-4	-9.900000E-5
-2.999685E-4	-1.000000E-4
-3.050392E-4	-1.010000E-4
-3.005063E-4	-1.020000E-4
-3.051925E-4	-1.030000E-4
-2.989687E-4	-1.040000E-4
-2.992001E-4	-1.050000E-4
-3.142601E-4	-1.060000E-4
-3.186400E-4	-1.070000E-4
-3.210216E-4	-1.080000E-4
-3.161043E-4	-1.090000E-4
-3.220975E-4	-1.100000E-4
-3.273223E-4	-1.110000E-4
-3.207911E-4	-1.120000E-4
-3.343910E-4	-1.130000E-4
-3.280140E-4	-1.140000E-4
-3.293970E-4	-1.150000E-4
-3.277834E-4	-1.160000E-4
-3.363889E-4	-1.170000E-4
-3.414598E-4	-1.180000E-4
-3.346987E-4	-1.190000E-4
-3.393086E-4	-1.200000E-4
-3.416139E-4	-1.210000E-4
-3.439958E-4	-1.220000E-4
-3.472228E-4	-1.230000E-4
-3.511414E-4	-1.240000E-4
-3.489898E-4	-1.250000E-4
-3.535223E-4	-1.260000E-4
-3.484527E-4	-1.270000E-4
-3.545992E-4	-1.280000E-4
-3.634346E-4	-1.290000E-4
-3.583630E-4	-1.300000E-4
-3.633571E-4	-1.310000E-4
-3.649716E-4	-1.320000E-4
-3.697359E-4	-1.330000E-4
-3.664317E-4	-1.340000E-4
-3.674308E-4	-1.350000E-4
-3.647408E-4	-1.360000E-4
-3.761901E-4	-1.370000E-4
-3.746529E-4	-1.380000E-4
-3.769586E-4	-1.390000E-4
-3.780341E-4	-1.400000E-4
-3.750371E-4	-1.410000E-4
-3.817214E-4	-1.420000E-4
-3.871009E-4	-1.430000E-4
-3.852572E-4	-1.440000E-4
-3.860248E-4	-1.450000E-4
-3.887135E-4	-1.460000E-4
-3.967819E-4	-1.470000E-4
-3.943226E-4	-1.480000E-4
-4.027755E-4	-1.490000E-4
-4.007784E-4	-1.500000E-4
-3.987029E-4	-1.510000E-4
-4.046184E-4	-1.520000E-4
-4.056947E-4	-1.530000E-4
-4.091526E-4	-1.540000E-4
-4.062338E-4	-1.550000E-4
-4.119947E-4	-1.560000E-4
-4.177581E-4	-1.570000E-4
-4.206016E-4	-1.580000E-4
-4.109195E-4	-1.590000E-4
-4.159908E-4	-1.600000E-4
-4.104596E-4	-1.610000E-4
-4.206007E-4	-1.620000E-4
-4.207543E-4	-1.630000E-4
-4.191400E-4	-1.640000E-4
-4.253650E-4	-1.650000E-4
-4.275169E-4	-1.660000E-4
-4.298979E-4	-1.670000E-4
-4.207536E-4	-1.680000E-4
-4.323566E-4	-1.690000E-4
-4.398876E-4	-1.700000E-4
-4.366592E-4	-1.710000E-4
-4.369669E-4	-1.720000E-4
-4.419612E-4	-1.730000E-4
-4.451885E-4	-1.740000E-4
-4.474165E-4	-1.750000E-4
-4.468780E-4	-1.760000E-4
-4.431137E-4	-1.770000E-4
-4.504130E-4	-1.780000E-4
-4.471094E-4	-1.790000E-4
-4.497983E-4	-1.800000E-4
-4.477240E-4	-1.810000E-4
-4.590185E-4	-1.820000E-4
-4.635519E-4	-1.830000E-4
-4.583268E-4	-1.840000E-4
-4.565602E-4	-1.850000E-4
-4.604014E-4	-1.860000E-4
-4.623225E-4	-1.870000E-4
-4.587880E-4	-1.880000E-4
-4.668555E-4	-1.890000E-4
-4.735406E-4	-1.900000E-4
-4.734647E-4	-1.910000E-4
-4.789192E-4	-1.920000E-4
-4.750011E-4	-1.930000E-4
-4.773819E-4	-1.940000E-4
-4.757693E-4	-1.950000E-4
-4.825309E-4	-1.960000E-4
-4.881397E-4	-1.970000E-4
-4.899073E-4	-1.980000E-4
-4.853743E-4	-1.990000E-4
-4.978215E-4	-2.000000E-4
-4.907517E-4	-2.010000E-4
